0 44.2209 17.1789 64.8410 0.0000 0.0000 -0.0047 
0 43.3896 18.7248 67.8747 0.0000 0.0000 -0.0047 
1 45.2629 18.7248 64.8900 0.0000 0.0000 -0.0047 
1 43.2059 17.1789 66.4471 0.0000 0.0000 -0.0047 
1 43.3260 17.1789 69.0990 0.0000 0.0000 -0.0047 
0 40.1648 27.2017 60.6600 0.0000 0.0000 -0.0054 
0 9.3335 28.7476 63.6937 0.0000 0.0000 -0.0054 
1 41.2068 28.7476 60.7090 0.0000 0.0000 -0.0054 
1 9.1498 27.2017 62.2661 0.0000 0.0000 -0.0054 
1 9.2699 27.2017 64.9179 0.0000 0.0000 -0.0054 
0 23.9050 2.7138 64.4802 0.0000 0.0000 -0.0053 
0 23.0737 4.2598 67.5139 0.0000 0.0000 -0.0053 
1 24.9470 4.2598 64.5292 0.0000 0.0000 -0.0053 
1 22.8900 2.7138 66.0863 0.0000 0.0000 -0.0053 
1 23.0101 2.7138 68.7382 0.0000 0.0000 -0.0053 
0 1.5008 0.8212 61.3731 0.0000 0.0000 -0.0052 
0 49.7955 28.0285 64.7899 0.0000 0.0000 -0.0046 
0 48.9642 29.5745 67.8236 0.0000 0.0000 -0.0046 
1 0.8375 29.5745 64.8389 0.0000 0.0000 -0.0046 
1 48.7805 28.0285 66.3960 0.0000 0.0000 -0.0046 
1 48.9006 28.0285 69.0479 0.0000 0.0000 -0.0046 
0 26.1910 0.0248 62.8490 0.0000 0.0000 -0.0047 
0 25.3597 1.5707 65.8827 0.0000 0.0000 -0.0047 
1 27.2330 1.5707 62.8980 0.0000 0.0000 -0.0047 
1 25.1760 0.0248 64.4551 0.0000 0.0000 -0.0047 
1 25.2961 0.0248 67.1070 0.0000 0.0000 -0.0047 
0 20.6757 41.9613 61.4213 0.0000 0.0000 -0.0056 
0 19.8444 43.5073 64.4551 0.0000 0.0000 -0.0056 
1 21.7177 43.5073 61.4704 0.0000 0.0000 -0.0056 
1 19.6607 41.9613 63.0274 0.0000 0.0000 -0.0056 
1 19.7808 41.9613 65.6793 0.0000 0.0000 -0.0056 
0 2.5973 13.5431 60.0250 0.0000 0.0000 -0.0042 
0 6.2346 8.4882 61.2850 0.0000 0.0000 -0.0055 
0 5.4033 40.0341 64.3188 0.0000 0.0000 -0.0055 
1 7.2766 40.0341 61.3341 0.0000 0.0000 -0.0055 
1 5.2196 8.4882 62.8911 0.0000 0.0000 -0.0055 
1 5.3397 8.4882 65.5430 0.0000 0.0000 -0.0055 
0 20.4245 3.9710 63.5534 0.0000 0.0000 -0.0056 
1 21.4245 4.9710 64.5534 0.0000 0.0000 -0.0056 
0 14.5253 21.1120 63.4637 0.0000 0.0000 -0.0039 
0 13.6940 22.6580 66.4974 0.0000 0.0000 -0.0039 
1 15.5673 22.6580 63.5127 0.0000 0.0000 -0.0039 
1 13.5103 21.1120 65.0698 0.0000 0.0000 -0.0039 
1 13.6304 21.1120 67.7216 0.0000 0.0000 -0.0039 
0 5.0224 4.5649 61.0005 0.0000 0.0000 -0.0053 
0 11.5963 6.4638 62.7148 0.0000 0.0000 -0.0047 
0 10.7650 8.0097 65.7485 0.0000 0.0000 -0.0047 
1 12.6383 8.0097 62.7638 0.0000 0.0000 -0.0047 
1 10.5813 6.4638 64.3209 0.0000 0.0000 -0.0047 
1 10.7014 6.4638 66.9728 0.0000 0.0000 -0.0047 
1 19.2505 17.8731 60.2981 0.0000 0.0000 -0.0045 
0 26.0923 13.9234 63.3655 0.0000 0.0000 -0.0055 
1 27.0923 14.9234 64.3655 0.0000 0.0000 -0.0055 
0 14.9615 7.2637 63.4013 0.0000 0.0000 -0.0070 
0 14.1302 8.8096 66.4351 0.0000 0.0000 -0.0070 
1 16.0035 8.8096 63.4504 0.0000 0.0000 -0.0070 
1 13.9465 7.2637 65.0074 0.0000 0.0000 -0.0070 
1 14.0666 7.2637 67.6593 0.0000 0.0000 -0.0070 
0 24.5868 41.6685 62.2727 0.0000 0.0000 -0.0062 
1 25.5868 42.6685 63.2727 0.0000 0.0000 -0.0062 
1 .5157 45.3134 64.7439 0.0000 0.0000 -0.0040 
0 26.0332 .9973 60.9730 0.0000 0.0000 -0.0048 
1 27.0332 4.9973 61.9730 0.0000 0.0000 -0.0048 
1 42.1872 17.4546 62.4166 0.0000 0.0000 -0.0049 
0 29.4106 47.1912 63.2656 0.0000 0.0000 -0.0055 
1 0.4106 48.1912 64.2656 0.0000 0.0000 -0.0055 
0 17.0091 24.6117 64.4027 0.0000 0.0000 -0.0053 
1 18.0091 25.6117 65.4027 0.0000 0.0000 -0.0053 
0 14.5800 7.4269 64.5511 0.0000 0.0000 -0.0053 
1 15.5800 8.4269 65.5511 0.0000 0.0000 -0.0053 
0 48.7863 8.8597 63.4536 0.0000 0.0000 -0.0074 
0 47.9550 40.4056 66.4873 0.0000 0.0000 -0.0074 
1 49.8283 40.4056 63.5026 0.0000 0.0000 -0.0074 
1 47.7713 8.8597 65.0597 0.0000 0.0000 -0.0074 
1 47.8914 8.8597 67.7116 0.0000 0.0000 -0.0074 
0 2.3909 48.3314 62.9345 0.0000 0.0000 -0.0041 
0 1.5596 49.8773 65.9682 0.0000 0.0000 -0.0041 
1 .4329 49.8773 62.9835 0.0000 0.0000 -0.0041 
1 1.3759 48.3314 64.5406 0.0000 0.0000 -0.0041 
1 1.4960 48.3314 67.1924 0.0000 0.0000 -0.0041 
